50 12
0.28994155 0.3876277 0.37918383 -0.13264424 -0.3601283 -0.28690186 0.1882047 0.072847635 -0.4247549 -0.26616102 -0.21161015 -0.09381524 
0.22184443 0.06178777 0.45129862 -0.16227826 -0.42113835 0.18762782 -0.079893626 0.0012244867 0.17325154 0.023620319 -0.5563037 -0.15108278 
-0.07295096 0.19557776 0.063187815 0.23107988 -0.48638457 0.40924338 -0.5488789 0.088712655 0.352984 0.21792726 -0.59792763 0.11365187 
-0.20796883 -0.32238564 0.26791012 0.11558765 0.26868495 0.17883368 -0.031387538 0.14111733 -0.17873488 -0.19859007 0.36439076 -0.22408769 
0.25337446 0.32528952 0.22051843 -0.39031145 -0.46964592 0.21927871 0.22255552 0.21293259 0.3288725 -0.56331956 -0.0021279042 -0.42861181 
0.20873648 -0.13530794 -0.048070323 0.23938596 0.3130185 0.22228637 0.0860878 0.18445113 -0.036867276 -0.3370262 -0.54003733 0.3504181 
-0.5099065 0.29465792 -0.07400775 -0.38585612 0.38080633 0.2320564 0.15096518 0.3076019 0.016705828 -0.28393376 0.038446836 -0.06469059 
-0.651223 -0.022544542 0.24857888 0.09977233 -0.3041353 -0.36254877 0.22188357 0.27712277 0.2002693 0.23997556 -0.29719615 -0.410972 
0.31119993 -0.17855166 -0.28906602 -0.3391119 -0.32924673 -0.21052063 -0.25012013 -0.24699636 0.14464548 0.14174616 -0.12796956 0.32599258 
0.46833727 -0.81373674 0.417255 0.30166775 -0.12867688 -0.15691008 0.33374903 0.15870625 0.12100464 -0.28974864 -0.24336821 0.3074949 
-0.130374 -0.33388627 -0.14650962 -0.28233072 -0.38572583 0.16858548 0.21798617 0.21480429 -0.098515764 0.20098153 0.12640241 0.15168728 
0.05170954 -0.27201122 -0.18338485 -0.04428083 0.09072102 -0.25008217 -0.22949727 0.2021411 -0.38619152 -0.19203776 0.26659992 0.18550488 
0.021127036 0.097659655 -0.18851557 0.47793248 -0.33347335 0.27213362 -0.11893487 0.28844014 -0.056215305 0.004041421 -0.11022695 0.06578854 
-0.24739195 0.09659983 0.32175288 -0.16852348 0.0044870027 0.30978587 -0.43071592 -0.3283242 0.15560448 -0.025463242 0.20441303 0.3063349 
-0.4276543 0.24865384 -0.2341391 0.1075023 -0.37502053 0.20948863 0.17760047 0.2047138 -0.49108565 0.09657342 0.0317689 0.22132136 
-0.48988754 -0.48432595 0.2522968 -0.03161963 -0.062795945 -0.0003696348 -0.460307 0.5334453 0.23148781 -0.12188867 -0.5107153 -0.3451749 
0.14958297 -0.38748622 0.072132304 0.0051214234 0.106389284 0.015633121 -0.38971192 -0.19046922 0.14865786 0.2936458 0.27341914 -0.52704495 
0.25441602 -0.31892037 -0.17933466 0.37567058 0.088835426 -0.06341784 0.013100835 0.27437836 0.2174588 -0.25166532 -0.41808453 -0.4617771 
-0.29615122 -0.15256003 0.32939819 0.11688474 -0.14268956 0.2334704 0.32229486 -0.007371146 -0.16010328 -0.31134924 0.16379239 -0.18347536 
-0.1295285 -0.4759003 -0.36018443 -0.4914429 -0.16696212 0.37301522 -0.37609282 0.41574973 -0.43535748 -0.22484213 0.1908123 0.30032295 
0.3368983 0.28825927 0.17944878 0.10597263 0.16128229 -0.50662637 0.281138 -0.19758408 -0.13343209 0.10872281 0.028363047 0.12385132 
-0.3699681 0.4373008 0.08055404 -0.35136554 0.17765188 -0.0372607 -0.39044693 0.04620579 0.29356378 -0.18418491 0.106940985 -0.04444547 
0.07134662 0.24364452 -0.11922576 -0.25491932 0.24430534 -0.19454955 -0.058630764 0.25942522 0.16895619 0.26732063 -0.2622143 -0.2052614 
-0.103049256 -0.29184192 0.40071794 -0.2343108 -0.36317232 -0.41422188 -0.038730238 0.087498024 0.3070481 -0.2555349 0.06013591 -0.03365507 
0.16149811 -0.14167699 0.07026501 -0.5431064 -0.014267288 -0.023743907 0.33277476 0.089231506 0.28019574 0.26687044 -0.05028225 0.31853577 
-0.17107111 0.34886774 -0.03394764 0.3231053 0.31004015 -0.048030403 -0.13718653 -0.5232013 -0.13073134 0.24644858 -0.25435665 -0.031574946 
-0.3620915 -0.14773545 0.4064692 0.3587491 -0.24562575 -0.08712458 -0.45153105 0.03730949 0.44431219 -0.5183344 0.13908486 0.27156773 
-0.33872858 -0.0044742767 0.26667535 0.35832667 -0.25893667 0.058081906 -0.13967074 0.22835061 0.001567274 -0.20266227 -0.050359864 0.088403605 
-0.024524875 0.09777627 0.25699776 0.21829875 -0.10869415 -0.14214411 -0.5709098 0.37066886 -0.37816653 -0.36252773 0.4783745 -0.3615523 
0.26255313 -0.42734617 0.16683576 0.14656939 0.2580596 0.30651844 0.3728733 -0.30465057 -0.113150485 -0.3550554 0.34249413 0.16841768 
0.15261747 -0.13251093 0.15883018 -0.4813635 0.30102524 -0.18238477 -0.11370932 0.35207376 0.20752999 0.14938886 -0.48551887 -0.068051845 
-0.6001566 0.21339338 0.26702705 0.20590259 0.2765933 -0.5680239 0.1357798 -0.38631505 -0.15076059 0.27140793 0.24202164 0.3650027 
0.019997457 0.17255855 0.28581953 -0.54737103 0.101833686 0.06950469 -0.6437795 -0.02643771 -0.09121369 0.2781249 -0.036008753 0.21934429 
-0.14257567 -0.11365266 -0.7215227 -0.03821697 -0.054656226 0.13515447 0.018027753 -0.05452866 0.17659621 0.054298755 0.18374708 0.08659574 
-0.328048 0.24783176 -0.10154801 -0.4882042 -0.123864 0.21057265 0.07010269 -0.5259261 0.124619894 -0.09940241 0.2618929 -0.36109233 
0.36665222 -0.22491299 0.34539762 0.03298895 -0.10264195 0.09800989 -0.20105329 -0.44012684 -0.23497774 0.18280043 0.04207602 -0.4206659 
0.0001969418 0.2620978 0.069186084 -0.63989794 0.48115042 -0.4906307 -0.0013419905 0.1442387 -0.24265228 0.03579492 -0.22504912 -0.3107317 
-0.11233259 -0.24040471 -0.4669766 0.40027604 -0.003292169 -0.09472377 -0.062358208 -0.4563256 0.39007574 0.15175775 0.10978497 -0.53472054 
0.23586413 -0.23458199 -0.5381799 0.21005873 0.41891173 0.058504164 -0.22430849 0.15266857 0.022052739 0.106653504 -0.03169966 -0.32065022 
0.249753 -0.11782492 0.26687437 0.29491436 -0.48506668 -0.27228117 0.36000156 -0.68950593 0.3098203 0.29374254 -0.34401307 -0.22405505 
0.19028781 -0.060084097 0.08538423 0.2592275 -0.058026735 0.27257442 0.105024524 0.016796552 -0.64942265 0.34314305 -0.42926165 -0.33961767 
0.25420496 0.33880237 -0.5416471 0.2089075 -0.037981138 0.18248233 0.31104007 0.1742938 0.26868075 -0.32968873 0.18784197 -0.115947954 
-0.27277568 -0.29622415 0.13689867 0.16639814 -0.06798131 -0.42035198 -0.35404158 -0.043431077 0.07136518 0.25965396 0.36860344 -0.2941186 
0.12950437 0.26284355 -0.051933147 -0.026515745 -0.18205327 -0.53359854 -0.38571003 0.070902675 -0.3647072 -0.18272996 0.08945983 0.06785694 
-0.123917334 -0.06745712 -0.026214987 -0.15338509 0.3291998 0.29474306 0.11586379 -0.64715534 0.28559485 -0.18996513 -0.34096956 0.20521653 
-0.22815515 -0.28531185 0.24621314 0.060205266 0.36729902 0.31334925 -0.4075732 -0.27714315 -0.33079442 -0.096354954 0.20874014 0.09378615 
-0.3978798 -0.2939306 0.07141689 -0.08834319 0.2750813 -0.44552037 0.2725205 0.10677932 0.12480246 -0.2829891 -0.14260793 0.019168982 
-0.12341881 0.24382947 0.2893454 -0.64623475 0.32986924 -0.4813081 0.10793178 0.37247127 0.080659196 -0.45716003 0.3251815 0.25355646 
-0.11596462 0.23077749 0.21484703 0.050824057 0.2707875 0.2989557 -0.032370254 0.14082845 -0.37227678 -0.06652241 0.3334044 -0.7495594 
-0.45092243 -0.19963105 0.24366368 -0.22685295 0.22924337 0.36673036 -0.23348252 -0.17976616 -0.16757633 -0.16969083 -0.729128 -0.18161368 
12
0.023555618 
-0.042091895 
-0.008550368 
0.006928277 
-0.016348736 
0.02078194 
-0.014849928 
0.044070274 
-0.021537708 
0.013928227 
-0.033175413 
-0.0030675423 
